ep50,2025-09-19,50,0.5,[0 0],[0 1],[[1. 0.]
 [0. 1.]],[[1. 0.]
 [0. 1.]],2500,2500,-0.49004286313016143, -0.49901485289549025,0.6677048692021642,-0.5431552067356474
ep250,2025-09-19,250,0.5,[0 0],[0 1],[[1. 0.]
 [0. 1.]],[[1. 0.]
 [0. 1.]],2500,2500,-0.7448492590441151, -0.49901485289549025,0.6677048692021642,-0.5431552067356474
ep500,2025-09-19,500,0.5,[0 0],[0 1],[[1. 0.]
 [0. 1.]],[[1. 0.]
 [0. 1.]],2500,2500,-0.7533428770412787, -0.49901485289549025,0.6677048692021642,-0.5431552067356474
ep50,2025-09-19,50,0.5,[0 0],[0 1],[[1. 0.]
 [0. 1.]],[[1. 0.]
 [0. 1.]],2500,2500,-0.49004286313016143, -0.49901485289549025,0.6677048692021642,-0.5431552067356474
ep250,2025-09-19,250,0.5,[0 0],[0 1],[[1. 0.]
 [0. 1.]],[[1. 0.]
 [0. 1.]],2500,2500,-0.7448492590441151, -0.49901485289549025,0.6677048692021642,-0.5431552067356474
ep500,2025-09-19,500,0.5,[0 0],[0 1],[[1. 0.]
 [0. 1.]],[[1. 0.]
 [0. 1.]],2500,2500,-0.7533428770412787, -0.49901485289549025,0.6677048692021642,-0.5431552067356474
ep1000,2025-09-19,1000,0.5,[0 0],[0 1],[[1. 0.]
 [0. 1.]],[[1. 0.]
 [0. 1.]],2500,2500,-0.7708421203742758, -0.49901485289549025,0.6677048692021642,-0.5431552067356474
dp0.1,2025-09-19,500,0.1,[0 0],[0 1],[[1. 0.]
 [0. 1.]],[[1. 0.]
 [0. 1.]],2500,2500,-0.40144189219639653, -0.49901485289549025,0.6677048692021642,-0.5431552067356474
dp0.3,2025-09-19,500,0.3,[0 0],[0 1],[[1. 0.]
 [0. 1.]],[[1. 0.]
 [0. 1.]],2500,2500,-0.6347748598999378, -0.49901485289549025,0.6677048692021642,-0.5431552067356474
dp0.5,2025-09-19,500,0.5,[0 0],[0 1],[[1. 0.]
 [0. 1.]],[[1. 0.]
 [0. 1.]],2500,2500,-0.7533428770412787, -0.49901485289549025,0.6677048692021642,-0.5431552067356474
dp0.7,2025-09-19,500,0.7,[0 0],[0 1],[[1. 0.]
 [0. 1.]],[[1. 0.]
 [0. 1.]],2500,2500,-0.8550239106772938, -0.49901485289549025,0.6677048692021642,-0.5431552067356474
ns100_100,2025-09-19,500,0.5,[0 0],[0 1],[[1. 0.]
 [0. 1.]],[[1. 0.]
 [0. 1.]],100,100,-0.564378994165046, -0.5508752431230898,0.598610725201445,-0.4629063628785775
ns1000_1000,2025-09-19,500,0.5,[0 0],[0 1],[[1. 0.]
 [0. 1.]],[[1. 0.]
 [0. 1.]],1000,1000,-0.677280659112942, -0.5424870069083524,0.6813308370301028,-0.5762371006586129
ns2500_2500,2025-09-19,500,0.5,[0 0],[0 1],[[1. 0.]
 [0. 1.]],[[1. 0.]
 [0. 1.]],2500,2500,-0.7533428770412787, -0.49901485289549025,0.6677048692021642,-0.5431552067356474
ns5000_5000,2025-09-19,500,0.5,[0 0],[0 1],[[1. 0.]
 [0. 1.]],[[1. 0.]
 [0. 1.]],5000,5000,-0.7251897485766386, -0.5008918467657607,0.6359790653310072,-0.5380236851137427
ns500_4500,2025-09-19,500,0.5,[0 0],[0 1],[[1. 0.]
 [0. 1.]],[[1. 0.]
 [0. 1.]],500,4500,0.8378845003931114, 0.053878615946051533,-0.05431016813785251,-0.6606848056376915
ns1000_4000,2025-09-19,500,0.5,[0 0],[0 1],[[1. 0.]
 [0. 1.]],[[1. 0.]
 [0. 1.]],1000,4000,0.47597479287768574, -0.036543283797015026,0.04379589502039779,-0.7000597529154458
ns2000_3000,2025-09-19,500,0.5,[0 0],[0 1],[[1. 0.]
 [0. 1.]],[[1. 0.]
 [0. 1.]],2000,3000,-0.5355590789151462, -0.3770131986725328,0.4794713846539488,-0.7556077776034568
mu0_0,2025-09-19,500,0.5,[0 0],[0 0],[[1. 0.]
 [0. 1.]],[[1. 0.]
 [0. 1.]],2500,2500,nan, nan,nan,nan
mu0.5_0,2025-09-19,500,0.5,[0 0],[0.5 0. ],[[1. 0.]
 [0. 1.]],[[1. 0.]
 [0. 1.]],2500,2500,-0.7685508471501996, -0.5209850742155887,0.6358405883735949,-0.5979242159663182
mu0_2,2025-09-19,500,0.5,[0 0],[0 2],[[1. 0.]
 [0. 1.]],[[1. 0.]
 [0. 1.]],2500,2500,0.6452998387999284, -0.4032812032360904,0.597706825647478,-0.3701841645262953
mu4_0,2025-09-19,500,0.5,[0 0],[4 0],[[1. 0.]
 [0. 1.]],[[1. 0.]
 [0. 1.]],2500,2500,0.8576615260717895, -0.08488789550573134,0.12263395317064586,-0.2644001317333919
sig0.5_0.5,2025-09-19,500,0.5,[0 0],[0 1],[[1. 0.]
 [0. 1.]],[[0.5 0. ]
 [0.  0.5]],2500,2500,0.06352680156746737, -0.4092648254510336,0.48395797864799056,-0.50834419748631
sig1.0_1.0,2025-09-19,500,0.5,[0 0],[0 1],[[1. 0.]
 [0. 1.]],[[1. 0.]
 [0. 1.]],2500,2500,-0.7533428770412787, -0.49901485289549025,0.6677048692021642,-0.5431552067356474
sig2.0_2.0,2025-09-19,500,0.5,[0 0],[0 1],[[1. 0.]
 [0. 1.]],[[2. 0.]
 [0. 2.]],2500,2500,-0.04077248745443887, -0.23064110161826742,0.28122904232401885,-0.21652595578931366
0,2025-09-19,50,0.5,[0 0],[0 0],[[1. 0.]
 [0. 1.]],[[1. 0.]
 [0. 1.]],2500,2500,nan, nan,nan,nan
1,2025-09-19,250,0.5,[0 0],[0 0],[[1. 0.]
 [0. 1.]],[[1. 0.]
 [0. 1.]],2500,2500,nan, nan,nan,nan
2,2025-09-19,500,0.5,[0 0],[0 0],[[1. 0.]
 [0. 1.]],[[1. 0.]
 [0. 1.]],2500,2500,nan, nan,nan,nan
3,2025-09-19,1000,0.5,[0 0],[0 0],[[1. 0.]
 [0. 1.]],[[1. 0.]
 [0. 1.]],2500,2500,nan, nan,nan,nan
4,2025-09-19,1000,0.1,[0 0],[0 0],[[1. 0.]
 [0. 1.]],[[1. 0.]
 [0. 1.]],2500,2500,nan, nan,nan,nan
5,2025-09-19,1000,0.3,[0 0],[0 0],[[1. 0.]
 [0. 1.]],[[1. 0.]
 [0. 1.]],2500,2500,nan, nan,nan,nan
0,2025-09-19,50,0.5,[0 0],[0 0],[[1. 0.]
 [0. 1.]],[[1. 0.]
 [0. 1.]],2500,2500,nan, nan,nan,nan
0,2025-09-19,50,0.5,[0 0],[1 0],[[1. 0.]
 [0. 1.]],[[1. 0.]
 [0. 1.]],2500,2500,-0.28381686925194194, -0.5103703992757331,0.6582762961227984,-0.5487082332036592
1,2025-09-19,250,0.5,[0 0],[1 0],[[1. 0.]
 [0. 1.]],[[1. 0.]
 [0. 1.]],2500,2500,-0.6190029702235423, -0.5103703992757331,0.6582762961227984,-0.5487082332036592
2,2025-09-19,500,0.5,[0 0],[1 0],[[1. 0.]
 [0. 1.]],[[1. 0.]
 [0. 1.]],2500,2500,-0.6665395033508904, -0.5103703992757331,0.6582762961227984,-0.5487082332036592
3,2025-09-19,1000,0.5,[0 0],[1 0],[[1. 0.]
 [0. 1.]],[[1. 0.]
 [0. 1.]],2500,2500,-0.696477603767824, -0.5103703992757331,0.6582762961227984,-0.5487082332036592
4,2025-09-19,1000,0.1,[0 0],[1 0],[[1. 0.]
 [0. 1.]],[[1. 0.]
 [0. 1.]],2500,2500,-0.21687505105557825, -0.5103703992757331,0.6582762961227984,-0.5487082332036592
5,2025-09-19,1000,0.3,[0 0],[1 0],[[1. 0.]
 [0. 1.]],[[1. 0.]
 [0. 1.]],2500,2500,-0.49667430785524797, -0.5103703992757331,0.6582762961227984,-0.5487082332036592
6,2025-09-19,1000,0.5,[0 0],[1 0],[[1. 0.]
 [0. 1.]],[[1. 0.]
 [0. 1.]],2500,2500,-0.696477603767824, -0.5103703992757331,0.6582762961227984,-0.5487082332036592
7,2025-09-19,1000,0.7,[0 0],[1 0],[[1. 0.]
 [0. 1.]],[[1. 0.]
 [0. 1.]],2500,2500,-0.8228756972780877, -0.5103703992757331,0.6582762961227984,-0.5487082332036592
8,2025-09-19,1000,0.5,[0 0],[1 0],[[1. 0.]
 [0. 1.]],[[1. 0.]
 [0. 1.]],100,100,-0.2786329535982218, -0.5813281467074188,0.6320088913587109,-0.514253959433176
9,2025-09-19,1000,0.5,[0 0],[1 0],[[1. 0.]
 [0. 1.]],[[1. 0.]
 [0. 1.]],1000,1000,-0.48220189500526384, -0.49658165717126984,0.6063121286448018,-0.47385137180936615
10,2025-09-19,1000,0.5,[0 0],[1 0],[[1. 0.]
 [0. 1.]],[[1. 0.]
 [0. 1.]],2500,2500,-0.696477603767824, -0.5103703992757331,0.6582762961227984,-0.5487082332036592
11,2025-09-19,1000,0.5,[0 0],[1 0],[[1. 0.]
 [0. 1.]],[[1. 0.]
 [0. 1.]],5000,5000,-0.7616060308451145, -0.5290776436752936,0.6619735602192844,-0.5611982490220275
12,2025-09-19,1000,0.5,[0 0],[1 0],[[1. 0.]
 [0. 1.]],[[1. 0.]
 [0. 1.]],500,4500,0.835398252177001, 0.03433974148432955,-0.0316650131844503,-0.7324391273062789
13,2025-09-19,1000,0.5,[0 0],[1 0],[[1. 0.]
 [0. 1.]],[[1. 0.]
 [0. 1.]],1000,4000,0.43569063630694954, -0.011724798099910267,0.016303285468126878,-0.6818450817089253
14,2025-09-19,1000,0.5,[0 0],[1 0],[[1. 0.]
 [0. 1.]],[[1. 0.]
 [0. 1.]],2000,3000,-0.5022432774414567, -0.40401835911927075,0.4950942609307827,-0.74923641477174
15,2025-09-19,1000,0.5,[0 0],[0 0],[[1. 0.]
 [0. 1.]],[[1. 0.]
 [0. 1.]],2500,2500,nan, nan,nan,nan
16,2025-09-19,1000,0.5,[0 0],[0.5 0. ],[[1. 0.]
 [0. 1.]],[[1. 0.]
 [0. 1.]],2500,2500,-0.7423617166052074, -0.5209850742155887,0.6358405883735949,-0.5979242159663182
17,2025-09-19,1000,0.5,[0 0],[1 0],[[1. 0.]
 [0. 1.]],[[1. 0.]
 [0. 1.]],2500,2500,-0.696477603767824, -0.5103703992757331,0.6582762961227984,-0.5487082332036592
18,2025-09-19,1000,0.5,[0 0],[2 0],[[1. 0.]
 [0. 1.]],[[1. 0.]
 [0. 1.]],2500,2500,0.6709693684308305, -0.45144653664290524,0.6392137525394456,-0.42393854219490773
19,2025-09-19,1000,0.5,[0 0],[4 0],[[1. 0.]
 [0. 1.]],[[1. 0.]
 [0. 1.]],2500,2500,0.8495719402541958, -0.08488789550573134,0.12263395317064586,-0.2644001317333919
20,2025-09-19,1000,0.5,[0 0],[1 0],[[1. 0.]
 [0. 1.]],[[0.5 0. ]
 [0.  0.5]],2500,2500,0.13677910079071148, -0.37033629259390777,0.4625043264463673,-0.4941888027505791
21,2025-09-19,1000,0.5,[0 0],[1 0],[[1. 0.]
 [0. 1.]],[[1. 0.]
 [0. 1.]],2500,2500,-0.696477603767824, -0.5103703992757331,0.6582762961227984,-0.5487082332036592
22,2025-09-19,1000,0.5,[0 0],[1 0],[[1. 0.]
 [0. 1.]],[[1.5 0. ]
 [0.  1.5]],2500,2500,-0.39183773148343626, -0.4251475880655947,0.511357528603346,-0.39659838782150575
23,2025-09-19,1000,0.5,[0 0],[1 0],[[1. 0.]
 [0. 1.]],[[2. 0.]
 [0. 2.]],2500,2500,-0.08339296861909717, -0.2998253848112822,0.3136600860711494,-0.2453394868175497
